"x"
0.27344241621902
-0.0181698325840922
-0.114118357700288
-0.654523702743804
-0.491829925619597
-0.631953672500288
0.695302010144092
-0.124846303042778
0.142501802176945
-0.965590234582133
-0.958414404899135
-0.942423001195965
0.0781286531491931
0.0062925058572536
-0.00156666070048991
-0.612066850470893
-0.551775559450144
-0.772566408962536
-0.0500750607123919
-0.0600183556567723
0.0878224110063401
-0.739020184583285
-0.753711137233429
-0.673575592676081
-0.0891578061855908
-0.0432216735628242
-0.0549969557907781
-0.709646244466859
-0.809315360466859
-0.71321676275072
-0.587399281278386
-0.601141655689914
-0.587399281278386
-0.601141655689914
-0.637570390840058
-0.571229597468011
-0.653559150108732
-0.710088151383285
-0.776441607060519
-0.770655832634006
-0.626360342685014
-0.496692193583026
-0.670902182223919
-0.667126076157349
-0.522757078673775
-0.640813625418444
-0.0866185715527954
0.0934254488342651
0.0726205586237925
-0.615393562553026
-0.566539506029971
-0.749329368853026
-0.644872918974928
-0.567347369883285
-0.794825445590778
0.110273209727769
-0.13247823692415
-0.071284830067147
-0.676007830798559
-0.753756348697406
-0.645068886010375
-0.760121903674352
-0.756991087550432
-0.716198218677233
-0.0217655557855908
-0.113031158016427
0.0277618939797983
-0.570057126823343
-0.683178566438329
0.16287969834611
-0.569004793767147
-0.577131431637464
0.203159676042363
-0.729889065351585
-0.749159197988473
0.00853529175178674
-0.780708572233429
-0.774400844798271
0.125255379804409
3.59077809798271
2.25936599423631
0.265696920582133
-0.0182981725176081
-0.10784573454611
-0.545795331328326
-0.367716218227378
-0.502645746562824
0.744867411573487
-0.0825562579855908
0.072339870389049
-0.959859435936599
-0.951150627458213
-0.925817590867435
0.0770930495126801
0.0165908438802305
-0.00910758730117003
-0.524721922818732
-0.470412403511239
-0.717322274881844
-0.0208764064320173
-0.0880722729400576
0.0862641666597983
-0.686555715201729
-0.450979810499568
-0.597496136795101
-0.0971120197265994
-0.0417164808293948
-0.0471393985477522
-0.637812687210375
-0.634472244550432
-0.664591977786455
-0.453632943768818
-0.497096402038329
-0.453632943768818
-0.497096402038329
-0.545431612066571
-0.515922167555159
-0.475404785802305
-0.499839593745821
-0.639517432642651
-0.652050770910663
-0.531895161258213
-0.406435448904438
-0.596411165253602
-0.553060616663401
-0.390150939647061
-0.498583091676081
-0.180558714010749
0.0576291646962536
0.0583692776609798
-0.547348892435764
-0.507343617969859
-0.695305113832853
-0.543979776127867
-0.466251676533372
-0.737861932680115
-0.0488005965884726
-0.21527915818415
-0.0964496376997118
-0.623219182311527
-0.505309434070029
-0.553529065425648
-0.708263420861671
-0.429825832648703
-0.650476162132565
-0.0320324102759078
-0.0901517235974063
-0.0180063943472334
-0.478448523354179
-0.589710231217867
0.142062162506138
-0.499075765624092
-0.541823079570029
0.200055179527839
-0.535002770337752
-0.566576670397695
0.0649309438160231
-0.645970655298847
-0.685811262634006
0.198031580056455
3.17291066282421
1
0.271626270513196
-0.0161167765256129
-0.107851619152493
-0.62767736486217
-0.543259041324311
-0.727693682697947
0.620749479530792
0.113594748781363
0.205120833540176
-0.957637517243402
-0.947210837662757
-0.946271592639296
0.0808702401592375
0.00534947733572727
-0.00641136503765396
-0.655234240829355
-0.613529039414956
-0.851036124545455
-0.0268880676766569
-0.0833980374891496
0.0976893045133138
-0.721531982692082
-0.805920909032258
-0.746504230791789
-0.107329442050147
-0.0389606285442815
-0.0586899950197067
-0.740356313636364
-0.906437129178886
-0.765911950577713
-0.589542861433724
-0.630034273797654
-0.589542861433724
-0.630034273797654
-0.678233748852287
-0.669649819615836
-0.676437375922581
-0.723048737956012
-0.829795734662757
-0.852034763049853
-0.65004130414956
-0.55823424
-0.769176461612903
-0.620386062895455
-0.566143658288592
-0.72759917228739
-0.213171936006569
0.0634888784246334
-0.000266961627835777
-0.673979304305865
-0.629942411530088
-0.83398502771261
-0.667344395722287
-0.622572180977419
-0.867034203255132
-0.0281453938665103
-0.186810318586804
-0.131538578690616
-0.665506240981232
-0.837860779178886
-0.711978170428152
-0.740660751064516
-0.79119963111437
-0.784294959002933
-0.119324555367584
-0.372306549474487
0.0157584802847507
-0.625326011037537
-0.692552331186803
0.0940517812590029
-0.658208340484164
-0.687610522530792
0.16225930834173
-0.759799509093842
-0.747441981671554
-0.117661619759326
-0.847259185865103
-0.869558651085044
0.14859410125
3.62756598240469
5.01173020527859
0.273428719636364
-0.017856067384956
-0.106492632429097
-0.623413602046921
-0.480015920697654
-0.653625579293255
0.707814353343108
-0.0260590480328739
0.0480937904190616
-0.966457565630499
-0.9445645371261
-0.926966278211144
0.0701731261988856
0.0144664329060411
-0.000526818872875366
-0.635484688041056
-0.55721186773783
-0.796066240234604
-0.0248490682828446
-0.0743565308442815
0.0866875497119062
-0.699262195705865
-0.76302218170088
-0.709483440322581
-0.0991554609633431
-0.0401923943695015
-0.0521178264170088
-0.689328428607038
-0.842659862111437
-0.743028500565982
-0.563140802770059
-0.591224780306452
-0.563140802770059
-0.591224780306452
-0.650182434328446
-0.607658214170381
-0.643150121648094
-0.674010290979472
-0.784056656246334
-0.80366136372434
-0.625733289873607
-0.501779938505279
-0.699656828592375
-0.623805015199413
-0.502753639795894
-0.657443765803519
-0.192817340495308
0.0389282523284457
0.00447261449052786
-0.645893496630499
-0.582949919157742
-0.780101644193548
-0.657844055881525
-0.559851186088408
-0.81080601659824
-0.0476941200470968
-0.236874240885924
-0.193657539305073
-0.642097719778592
-0.775144985073314
-0.670734708996481
-0.719276622702346
-0.758505287214076
-0.751008875659824
-0.102568067670674
-0.167675025582991
-0.0321862688221114
-0.579076453758064
-0.663079838985044
0.0770665587562757
-0.604752108072727
-0.615643694857361
0.11231984174566
-0.716822144279179
-0.703839403007038
-0.0846075231245126
-0.810085498651026
-0.810032718739003
0.0599628733252199
3.5425219941349
3
0.27348946760596
-0.0209144762946258
-0.103507622482119
-0.565236954062914
-0.571634478308609
-0.523443904442252
0.641336113708609
0.0143172936461589
-0.00776423557208609
-0.962350458311258
-0.944862576324503
-0.924293394410596
0.0830503338433775
0.00606267666539735
0.00226990015096027
-0.583541177671192
-0.670808880778146
-0.727747495483444
-0.0689784846635762
-0.0638055518817881
0.109121161754967
-0.681870468642384
-0.68164048586755
-0.590991849748146
-0.0893136161868874
-0.0425862875824503
-0.0526464544800662
-0.762131721125828
-0.777273953377483
-0.74307486486755
-0.514351495518695
-0.558553663022053
-0.514351495518695
-0.558553663022053
-0.625037958286755
-0.608307841072185
-0.559699267360596
-0.671112986324503
-0.765206576258278
-0.787623443576159
-0.586121316144702
-0.604837531450331
-0.604253974992152
-0.558703918124172
-0.583772427678808
-0.519724066156225
-0.24019263738543
-0.044563342513245
0.0356849859505629
-0.62496658113245
-0.691444683092715
-0.709081344215232
-0.579243720666424
-0.67174583036755
-0.745265608344371
-0.169977689216556
-0.251899048200033
-0.21746808285298
-0.644506650274834
-0.693418095129139
-0.612579276858609
-0.696182805344371
-0.679012558837748
-0.623678382512583
-0.160022642967219
-0.119518088255762
-0.130590854433642
-0.558350873602649
-0.629786118572848
0.0659843964887417
-0.609949841595695
-0.609400852778146
0.107220169273709
-0.705986592450331
-0.706047228791391
-0.0561372485907285
-0.788285879536424
-0.802153773642384
0.121211182149669
3.51324503311258
9.27483443708609
0.279177960301325
-0.0154833455336192
-0.105661736816887
-0.507691011391722
-0.402724906078146
-0.646443640175497
0.698153719072848
0.112313109736755
0.0921607197449904
-0.964629108807947
-0.939973777950331
-0.94207867884106
0.0841019899622517
0.0017656830384106
-0.0029537113427351
-0.575890535679801
-0.506544358609603
-0.78456199486755
-0.0294516873643046
-0.0774316445596026
0.0866267116745033
-0.709955676983444
-0.705638306688742
-0.606589817380795
-0.103522877147351
-0.0490624519374172
-0.0506258160122517
-0.662581310334437
-0.774114270364238
-0.564680771249007
-0.460866415568709
-0.52162345171192
-0.460866415568709
-0.52162345171192
-0.589313870006622
-0.589031268133113
-0.602770284825828
-0.664078383532781
-0.707383517582782
-0.734187493344371
-0.55123770513245
-0.440232431795033
-0.696171811490066
-0.492829885748675
-0.422162171100331
-0.649351210748344
-0.226370689942053
0.0748636861897351
0.0062663175707947
-0.604769869438742
-0.550991969857417
-0.768762357980132
-0.584013626983444
-0.491500434303907
-0.798835563807947
-0.10292084499106
-0.27429092242043
-0.163706246351656
-0.632239300829801
-0.71706218781457
-0.537329127293278
-0.73573857718543
-0.702290390960265
-0.669353687483444
-0.0381646986649007
-0.0720666007195695
0.0744028987918874
-0.528503022745033
-0.594259529756954
0.0781455594845364
-0.573176177044172
-0.613485123609272
0.131619298935099
-0.677355755703311
-0.715731148145695
0.062219113935298
-0.748829309536424
-0.735610602483444
0.0307564556565894
3.50662251655629
5
0.275042797273846
-0.0168093392016199
-0.108409086814154
-0.510128573575385
-0.486878513257231
-0.586052136814
0.707761599821538
-0.104693219396
0.137178353303314
-0.964313509076923
-0.959879794615385
-0.935392088553846
0.0807323294781538
0.0114880819608923
-0.0142456173754462
-0.501795241692308
-0.521211255673323
-0.723023045436923
-0.0287583938594154
-0.0875113831859477
0.0950050346958462
-0.670678473719077
-0.588571805529846
-0.569149346469538
-0.103478884724308
-0.0406704250256923
-0.0572158592798769
-0.690728511476923
-0.756803758338462
-0.670537021953846
-0.476163421094954
-0.528165792472542
-0.476163421094954
-0.528165792472542
-0.551206842685443
-0.503793238930462
-0.511925154331077
-0.612476400146215
-0.722216308369231
-0.757399880892308
-0.501889554318769
-0.478471901015077
-0.623615233151385
-0.514437150358769
-0.525029321116369
-0.600955628644308
-0.197610283783231
0.0840153581523077
0.108125515137115
-0.5207041284292
-0.537856933631938
-0.693578145957846
-0.527184561914892
-0.536422391397231
-0.751734223138461
-0.0621854216926462
-0.173797650838154
-0.042936092256
-0.612632741808954
-0.637432284753846
-0.542725780135692
-0.690927312132308
-0.567782878507692
-0.618184984308308
-0.0837842150995692
-0.134720990703692
-0.0864111322636923
-0.500827790827077
-0.618529071401538
0.110380753445708
-0.491104087880615
-0.525483496100831
0.151534576384646
-0.650943584433846
-0.65530880072
-0.0141511832658862
-0.756676325969231
-0.776057459384615
0.135256541977815
3.36615384615385
10.7015384615385
0.272376614181538
-0.0175697042641846
-0.11599454136
-0.505086085072062
-0.368403670137262
-0.672512004586708
0.688702063569231
0.0162055455953846
0.0475199990906462
-0.958898709015385
-0.9509348864
-0.937910223507692
0.0813833604034769
0.000479281129661539
-0.00225896302076923
-0.531468310262154
-0.454437496885815
-0.738955207627692
-0.0433611785374462
-0.0706129097498462
0.0973130293888923
-0.653800660041538
-0.626252072652308
-0.599910232855692
-0.0829159966093231
-0.0454921005615385
-0.0533610323667692
-0.546009968372308
-0.677635980501539
-0.526908306306892
-0.464770006998123
-0.483790606354154
-0.464770006998123
-0.483790606354154
-0.551413652396923
-0.502935062310769
-0.549494852037046
-0.579837818063692
-0.621936158532308
-0.644474485460492
-0.506174926221538
-0.392041410138769
-0.683725945015385
-0.506680276530492
-0.396677793847908
-0.694365207233846
-0.191537066813538
0.0590114878605846
0.113046089288708
-0.549394273848923
-0.503558973703692
-0.720867157741538
-0.555346159400332
-0.437837459287385
-0.755751144098462
-0.0956140259974462
-0.305422668448923
-0.1006823905788
-0.537201442069846
-0.621188724858462
-0.507604207506462
-0.692862440004
-0.633236229753846
-0.67302031484
0.0289087194733538
-0.0427900206246154
0.101044783556
-0.473974924380431
-0.570910289993846
0.102346682227846
-0.494882316238462
-0.516711262173969
0.0831165453227692
-0.579130051151385
-0.657368673849846
0.104193397607938
-0.651886909221538
-0.660175875210246
0.081817622852
3.53846153846154
6
0.274661355746753
-0.0189336575037662
-0.10591141896461
-0.619517464190909
-0.531172222291558
-0.702619841277597
0.690698732659091
0.0134665297691558
0.0280333891303247
-0.970439121590909
-0.958708554642857
-0.943727790324675
0.0682110798957792
0.0067051429934513
-0.000902418027314934
-0.61811287462013
-0.593561324171396
-0.804593774090909
-0.0513731823616883
-0.0639810375404545
0.0917670294025
-0.738831345696753
-0.726128031681818
-0.706039378853896
-0.0762908096451299
-0.0431386198038961
-0.0567485422286688
-0.718599483438312
-0.794205683435065
-0.772200352704545
-0.584517068682792
-0.598248040973052
-0.584517068682792
-0.598248040973052
-0.654244834637662
-0.598953907935065
-0.645076604907792
-0.689379467346234
-0.774663163149351
-0.77221546325974
-0.620860360288312
-0.542460623327078
-0.73918927937987
-0.619994582287987
-0.556509218965909
-0.708001937056169
-0.186132599730097
0.00957984253051948
0.0383220877840909
-0.635824714149351
-0.615748851001299
-0.78974770238961
-0.634439897906169
-0.597426575325519
-0.818254191006494
-0.0144464253952597
-0.18774436794513
-0.0849311559109416
-0.674374050187987
-0.734739604707792
-0.690675436944805
-0.760527900574675
-0.725572490061688
-0.740603763344156
-0.104314003415909
-0.0867260801890584
-0.0549096960335682
-0.584901370133766
-0.669875143783117
0.0881445777928247
-0.595936499597078
-0.604924886245779
0.15810332608474
-0.716378855696753
-0.727150545678571
-0.00970767604295455
-0.775719040327922
-0.784206279542208
0.0798543888887987
3.75649350649351
12.3311688311688
0.270211697814935
-0.0187904887668182
-0.112492375388312
-0.577518324748052
-0.546403365345779
-0.456473642256981
0.681289120844156
-0.0420221452496753
0.0342160711928604
-0.956538178587662
-0.955312554090909
-0.923304724090909
0.0831829573168831
0.00760909767418831
-0.00791725696048701
-0.615131377408279
-0.622997416262013
-0.664336860544416
-0.0518716929407792
-0.0646077113078896
0.0977671721406169
-0.687155474097403
-0.652408657909091
-0.663340760331169
-0.0942037376182662
-0.0414401406082792
-0.0610307928148701
-0.701731200484416
-0.674920114957468
-0.750808705594156
-0.511312036747403
-0.510669879158539
-0.511312036747403
-0.510669879158539
-0.622815767680292
-0.550560230585714
-0.581899897967532
-0.598670795839286
-0.713191348337662
-0.658017844948377
-0.593011288564935
-0.563547785174026
-0.531005941495552
-0.572347541484091
-0.567046977262987
-0.460792123277305
-0.311790512382468
-0.0300713296399351
0.0146620852844481
-0.637521940243831
-0.641687333850227
-0.642515716574286
-0.626785744584416
-0.62853163071948
-0.684856438953896
-0.11978430017462
-0.239501714015909
-0.220260861049058
-0.643767578493507
-0.630419275006169
-0.655083354905844
-0.703883646896104
-0.671161922837662
-0.698949518905844
-0.134491772785779
-0.103884514547565
-0.0863412384825
-0.518323878824675
-0.583819796092208
-0.0106873745212792
-0.553360009658182
-0.550683254908442
0.108695730522532
-0.628877272791136
-0.650923648207792
-0.0352276334005552
-0.668879188156396
-0.668963362464935
0.0631920436939935
3.47077922077922
7
0.277212987355872
-0.0173129889993594
-0.112126583736655
-0.609308177455872
-0.427114095887722
-0.593280702774733
0.79662178430605
-0.0724367804946619
0.0030012297327758
-0.971893412846975
-0.955191790747331
-0.946655334234875
0.0787695544633274
0.00295736709976868
-0.00934497702989324
-0.627036793166904
-0.556212647766548
-0.734322610903915
-0.0639877258154733
-0.0514578526530961
0.0957339757096441
-0.700405812572954
-0.649531801619217
-0.630762892405694
-0.0860395233661922
-0.0450164255843416
-0.0579610728192171
-0.711590773316726
-0.734834268793594
-0.69965777924911
-0.526419055781495
-0.584526325852313
-0.526419055781495
-0.584526325852313
-0.618714683724555
-0.599202294549004
-0.569988924809253
-0.634266752879004
-0.716226305359431
-0.724738348336299
-0.623595635861566
-0.473661351851957
-0.633723496819573
-0.604986802846975
-0.441120468221708
-0.606011981674199
-0.192113784352313
-0.0268630175214591
0.0421689278551601
-0.64779171192669
-0.589265680112456
-0.715479817801423
-0.639224512349512
-0.550178846741993
-0.75194458911032
-0.0393370347875445
-0.282406853267616
-0.137424368622883
-0.644880090959786
-0.65564269421032
-0.606661703754448
-0.719864952775801
-0.651579295495018
-0.675073530604982
-0.124288936483274
-0.137875735479359
-0.0339773463156584
-0.576727350956939
-0.654765165302491
0.0819559946380783
-0.595130748400712
-0.607806726995765
0.184013248851246
-0.653369766811388
-0.687955090309609
0.00879083701259786
-0.724080978554804
-0.745931821702847
0.141718105386868
3.48042704626335
13.9964412811388
0.270759063295374
-0.0181894974688612
-0.106809623683986
-0.582958863017438
-0.349383732046263
-0.499472687913167
0.647498175409253
0.0303211113118861
0.0836542406807936
-0.954256666035587
-0.94844645047331
-0.923180663601423
0.084215745375516
0.000860301581786477
-0.0196719912994306
-0.575993073911744
-0.458724925167972
-0.66835678475516
0.00359053897160142
-0.091077509832669
0.0640867611561922
-0.656219242281851
-0.570941237019217
-0.511392038012811
-0.104969855200356
-0.0400922240331673
-0.0582887148366548
-0.674984452240214
-0.683086930288968
-0.695970301754448
-0.468522592843416
-0.554038979266192
-0.468522592843416
-0.554038979266192
-0.534248616612028
-0.564471999961566
-0.476214943826192
-0.581422885341281
-0.673625525658363
-0.715838385516014
-0.581831414648399
-0.374944236206406
-0.550979388719929
-0.585343460535587
-0.378656458967972
-0.513206312959075
-0.216022261686477
0.0263297524124555
0.0913951982033452
-0.59163500910605
-0.495906215569395
-0.644285802406762
-0.598546245236655
-0.45636839585694
-0.691480916950178
0.0212336768810676
-0.169061574411388
-0.0826086104950178
-0.601382421248399
-0.575938482711388
-0.525562919047438
-0.675275353078292
-0.573087292172598
-0.553968587869751
-0.117102793715658
-0.153879695796192
-0.0430258806635231
-0.512106792856939
-0.651638076286121
0.146541439681957
-0.529244911130605
-0.618027414911032
0.271528870278648
-0.609984289180071
-0.636673891144128
-0.0232241525951918
-0.70215621546726
-0.755717299964413
0.223748693337011
3.63701067615658
8
0.276005002563291
-0.017585032585594
-0.107116447591772
-0.649339703924051
-0.576795688471519
-0.662065264050633
0.686894182278481
-0.0148555969746835
0.0846800249810127
-0.977928147341772
-0.967807126772152
-0.957131199683544
0.0776782943079114
0.0134997394815506
0.000595423043902532
-0.695723880316456
-0.696041578892405
-0.825455692436709
-0.0387737215738924
-0.067289404822943
0.0917925167278481
-0.779150579376582
-0.74598287636076
-0.711404392816456
-0.0939373679991139
-0.04512823735
-0.0572803152205063
-0.820933450221519
-0.867309617563291
-0.816017061329114
-0.610453469525316
-0.646522572870253
-0.610453469525316
-0.646522572870253
-0.718416928987342
-0.708350740303798
-0.676497291993671
-0.746358870721519
-0.839827080316456
-0.872832489208861
-0.672157245158228
-0.618103731075949
-0.72826295414557
-0.641438894841772
-0.583497269471519
-0.65516783239557
-0.241364751969851
0.00968799199367089
0.00448943688050949
-0.713434368006329
-0.708896042658228
-0.809341050348101
-0.704664734873418
-0.702920562310127
-0.840268331202532
-0.105690592629114
-0.230999912581551
-0.142278419216456
-0.759528067525316
-0.790324510506329
-0.722695288322785
-0.787962292610759
-0.725930851582278
-0.735107123955696
-0.113481123565981
-0.241969637835032
-0.0788364042958861
-0.65505768231962
-0.69736704636076
0.0863159916775317
-0.70518916268038
-0.71402120221519
0.18830052473368
-0.791482092563291
-0.762633337778481
-0.0427182749496835
-0.868258133607595
-0.888622463389241
0.203853910952627
3.46835443037975
18.0506329113924
0.27658531139557
-0.0191272531933228
-0.108941761642405
-0.58947649779557
-0.490379346996835
-0.665324314227848
0.730526184936709
0.0527387028613924
0.140209861246835
-0.975394457689873
-0.957138770727848
-0.956812000411392
0.0830134540658228
0.0078044254343038
-0.00657424975259494
-0.659323083055063
-0.608784226719937
-0.842511816044304
-0.0547328440272468
-0.0582275770813291
0.087284109682356
-0.739922126628797
-0.703501766487342
-0.725016008797468
-0.0805473309873418
-0.0493914065474684
-0.0480140167267405
-0.781738140601266
-0.868377254082279
-0.795490882468354
-0.542825032813608
-0.612882270912658
-0.542825032813608
-0.612882270912658
-0.679819504547468
-0.664241760370253
-0.628367851066456
-0.696771378957911
-0.826829028481013
-0.866905012626582
-0.619524028324684
-0.531455265662532
-0.750026145791139
-0.579491754749367
-0.502570240243354
-0.652095671108544
-0.224360420717722
0.0318551463759494
0.0502783009075316
-0.676672987166456
-0.632374688606013
-0.825559590221519
-0.672195644346519
-0.609444998247785
-0.858259630601266
-0.0874254925382278
-0.242572597206013
-0.0992296316156962
-0.709949332117089
-0.776852868955696
-0.708842979272152
-0.751758277167721
-0.670892713066772
-0.75596062835443
-0.111874925112848
-0.181778028186076
-0.0810951668035443
-0.611528074359177
-0.674470159009494
0.12725035020425
-0.656133473274684
-0.676925075857595
0.158363551858133
-0.757585939588608
-0.711267219682278
-0.10978179348269
-0.864827011392405
-0.879254016740506
0.11789211326962
3.4620253164557
11
0.268045770736842
-0.0171462740615789
-0.108408415956037
-0.633576439371517
-0.40107656671548
-0.653522559095975
0.608514634182662
-0.000833762430340558
0.110851738206099
-0.957622652414861
-0.953471307770898
-0.942059191504644
0.0807530551956656
0.00292636528563467
-0.00358347956459133
-0.652487041943344
-0.541936973371517
-0.756826982990712
-0.0302338943934675
-0.072218318429257
0.0854876918410526
-0.694967022678019
-0.605347694824458
-0.574849641952941
-0.0901715975058824
-0.044011081020743
-0.0543374018681115
-0.709100053348297
-0.701754644764706
-0.661428501276161
-0.547534145289399
-0.593395763650155
-0.547534145289399
-0.593395763650155
-0.63971830720805
-0.606138452085232
-0.551340390320743
-0.600952726176718
-0.703286404346749
-0.695428373549226
-0.638533389407121
-0.448840867086687
-0.678713757295356
-0.632954782675604
-0.415524032051393
-0.667479729195046
-0.21834558878483
0.00440885554043344
0.0907999054647059
-0.67335314028461
-0.57071513262291
-0.741841606473684
-0.662066879360991
-0.541639710922477
-0.770405413687307
-0.0738803721497833
-0.275040246694334
-0.160303840283282
-0.640927616231579
-0.618409078963065
-0.5575149794613
-0.713577149860681
-0.601450068731579
-0.620921839537152
-0.145519416910929
-0.188895541446811
-0.130460279952693
-0.578474479347059
-0.667902981595356
0.0709986922727245
-0.602188996809412
-0.614443452854675
0.101065554960248
-0.627068592708421
-0.653759978065016
-0.0622305828040867
-0.706774961471889
-0.702654896454489
0.0483838800800619
3.8359133126935
20
0.270184596009288
-0.0162548178510526
-0.100985935692074
-0.611671118216099
-0.374730765205077
-0.29354271467452
0.672081224882353
-0.111701388781115
-0.161179728291022
-0.941245714736842
-0.942377305312693
-0.915927846160991
0.0741757467665015
0.00443682723817957
-0.00253044692473994
-0.641964198633003
-0.586459622773684
-0.656855586102105
0.000253671358297214
-0.0954921154823529
0.0606712446996904
-0.728661379340557
-0.398959362766099
-0.364478192502167
-0.107556127062003
-0.0433200489340217
-0.0450693836894427
-0.7862917325387
-0.6979155314613
-0.638299064788854
-0.453262620331889
-0.474058613408978
-0.453262620331889
-0.474058613408978
-0.608973420309907
-0.605144269857245
-0.416459776709257
-0.471486714606811
-0.700520939854799
-0.727023009383901
-0.619513271851703
-0.455237617000929
-0.440650672343653
-0.609406374110062
-0.376829989404644
-0.275013722171486
-0.319171141631269
-0.15308350824613
-0.107844299474303
-0.654385009392879
-0.598699531399381
-0.618712162187307
-0.661460356953251
-0.60215894382322
-0.694424996467802
-0.148657336754489
-0.305355379229102
-0.239200679844272
-0.699166400749226
-0.50463317018839
-0.42391821438452
-0.740052209854489
-0.348864187370186
-0.407672097170898
-0.241341060754489
-0.345434763249536
-0.212818474897214
-0.490874179820433
-0.548269930770588
-0.0600681274123529
-0.596896308848452
-0.619215144539319
0.137239545472136
-0.543030528985449
-0.516930495917399
-0.138544755393189
-0.717590101802972
-0.760560087962848
0.0907579516695975
3.47987616099071
14
0.276386133210366
-0.017450182516
-0.107231086685976
-0.724585502324695
-0.633817569223476
-0.698902608801829
0.646358134298781
0.0935822681768293
0.114006858872317
-0.975394538445122
-0.963909573231707
-0.954973032987805
0.0750499286213415
0.00511400619349695
-0.00508265230731707
-0.770711755381098
-0.732050857875
-0.790041672667683
-0.0184176244786585
-0.0847859862585366
0.0862364582993903
-0.814831818628049
-0.770233790982896
-0.71160449565122
-0.107669109408262
-0.0377037274384146
-0.0561382803170732
-0.801479435281707
-0.816154333079268
-0.805574290966463
-0.672898095867988
-0.709705378898476
-0.672898095867988
-0.709705378898476
-0.755420622689024
-0.739424133384146
-0.710925530125
-0.770016908847561
-0.812174813780488
-0.819365248536585
-0.747257840718293
-0.667866461613232
-0.723055381952134
-0.716801927144573
-0.640487590673476
-0.709980424576219
-0.23128702035122
0.00337543667835366
0.0770756505150701
-0.784202826773781
-0.748454934476524
-0.77906603477439
-0.777756322459756
-0.732562131661585
-0.799586277079268
-0.0197305678106707
-0.196277998280732
-0.11074038234939
-0.768344333676829
-0.772050107640549
-0.720084370835366
-0.830240621158537
-0.771779386853659
-0.736182543945122
-0.0412185149990854
-0.136276217969817
-0.0442881244318293
-0.711251051371037
-0.754217744933841
0.0331059947859756
-0.744344606996341
-0.735301181887195
0.218914086693293
-0.781261235966463
-0.803776528140244
-0.00890170905603659
-0.820890990640244
-0.830418796158537
0.178539436441707
3.88414634146341
23.719512195122
0.27821340725
-0.016464484771311
-0.112563587594512
-0.556541173089329
-0.481679537956006
-0.705706623868902
0.688872511512195
0.102660491875
0.0372897701757012
-0.968733398628049
-0.956369493993902
-0.947240058048781
0.0776897411304878
0.00489392052706402
-0.00440993190077744
-0.624055782158537
-0.594312678045091
-0.825820881576219
-0.0281278780610671
-0.075878845519878
0.0906658516
-0.696859473045732
-0.708779069191463
-0.721826987530488
-0.0960910108539634
-0.0441270690182012
-0.0555645456881098
-0.731382711036585
-0.853956592073171
-0.795626198384146
-0.527285352000488
-0.557147874176037
-0.527285352000488
-0.557147874176037
-0.654799694757531
-0.625660376546646
-0.617721779796037
-0.675336960047866
-0.805282669512195
-0.837120078079268
-0.583772317445122
-0.507735205778384
-0.741745724698171
-0.547150855443902
-0.501568435233384
-0.711431340356707
-0.218637119967988
0.0505085375937378
0.0424519595017988
-0.643469519361585
-0.609408057377744
-0.805543465588415
-0.637655155092835
-0.605854882622652
-0.845111060762195
-0.0490273566650701
-0.197408729697561
-0.0737834470521341
-0.664354428856402
-0.760711411006098
-0.711194539920732
-0.709336168176829
-0.684504735744512
-0.751696527195122
-0.143256673841646
-0.222137469043902
-0.0579760577340244
-0.562948391223628
-0.623655618198171
0.0614279187379573
-0.614817605125915
-0.643101167069512
0.1584042182
-0.732394493841463
-0.695346839682927
-0.149680864646374
-0.83680189402439
-0.849634463841463
0.0955564233589329
3.6859756097561
15
0.276715449868421
-0.0203708907738158
-0.11027112175
-0.278992737315789
-0.104410204148684
-0.252136293078947
0.932699406973684
-0.191550476710526
-0.164585755210526
-0.968263627105263
-0.939943261973684
-0.946755497105263
0.0901898488723684
-0.00525138628684211
-0.0187667362269737
-0.428798580131579
-0.330036069392105
-0.442920479026316
-0.00852478580263158
-0.0794384765684211
0.0751221899565789
-0.511732550486842
-0.500311952368421
-0.391418052368421
-0.0844677437065789
-0.0342077667078947
-0.0510377881263158
-0.511859748815789
-0.552862336052632
-0.56933040868421
-0.185888427789474
-0.243648246065789
-0.185888427789474
-0.243648246065789
-0.381807307894737
-0.327420897776316
-0.318018274184211
-0.452798446013158
-0.557859643289474
-0.544687788026316
-0.3578265665
-0.163414672836842
-0.277990918381579
-0.251527707225
-0.132681978440789
-0.299053810657895
-0.475474308552632
-0.135501102384211
0.0444101733960526
-0.458999422368421
-0.368042197710526
-0.402778039473684
-0.448552651973684
-0.334502454947368
-0.481593456026316
-0.360658278131579
-0.476630123618421
-0.355866237697368
-0.402768354157895
-0.469166866447368
-0.393238959078947
-0.548207403684211
-0.525054068026316
-0.449386905263158
-0.122297257956711
0.0152486413578947
-0.164192254131579
-0.239408523323947
-0.364778857052632
-0.0209606986560526
-0.341429600131579
-0.315721671769079
0.0274600223236842
-0.47217478
-0.538458738815789
0.127306609725
-0.562528861842105
-0.554174558421053
0.0800449174210526
2.13157894736842
24
0.286602698815789
-0.00971490287236842
-0.0905698571578947
-0.984022641052632
-0.94551459381579
-0.933467251447368
0.820633652447368
-0.0593648144210526
-0.0352674575631579
-0.972961774078947
-0.962037860263158
-0.935583772789474
0.0710872073684211
0.00614534675039474
-0.0122961091164474
-0.991778468947368
-0.983681122631579
-0.984853202894737
-0.0371924682697368
-0.0752509707763158
0.08613504375
-0.981576267368421
-0.964337750263158
-0.962700785789474
-0.0978442202631579
-0.0436089733460526
-0.0581242513789474
-0.989579114078947
-0.991283526710526
-0.990518031710526
-0.956156249342105
-0.933845650657895
-0.956156249342105
-0.933845650657895
-0.988760825263158
-0.985235467368421
-0.955239780263158
-0.946130133552632
-0.992858547894737
-0.989415756578947
-0.985847189078947
-0.960193589078947
-0.956830222368421
-0.983511751052632
-0.942044032894737
-0.927425267631579
-0.0206456025776316
0.110882092271053
0.157948798292105
-0.991900286184211
-0.983647943815789
-0.982787324868421
-0.992373966315789
-0.984952926052632
-0.985465023684211
0.246613084168421
0.0186837742525
0.0486297794026316
-0.980323680263158
-0.970542205921053
-0.963965043421053
-0.982176131710526
-0.961381229078947
-0.965806944736842
0.0572983074059211
-0.0436636113710526
0.176739002618421
-0.955438861710526
-0.934706414973684
0.209231386644737
-0.985630752236842
-0.983676790263158
0.339754830605263
-0.959896770394737
-0.946977386184211
0.0714820603315789
-0.990349694342105
-0.988781009078947
0.246728625146053
4.71052631578947
16
